// 0 " "
00000000000000000000000000000000
00000000000000000000000000000000
00000000000000000000000000000000
00000000000000000000000000000000
00000000000000000000000000000000
00000000000000000000000000000000
00000000000000000000000000000000
00000000000000000000000000000000
00000000000000000000000000000000
00000000000000000000000000000000
00000000000000000000000000000000
00000000000000000000000000000000
00000000000000000000000000000000
00000000000000000000000000000000
00000000000000000000000000000000
00000000000000000000000000000000
00000000000000000000000000000000
00000000000000000000000000000000
00000000000000000000000000000000
00000000000000000000000000000000
00000000000000000000000000000000
00000000000000000000000000000000
00000000000000000000000000000000
00000000000000000000000000000000
00000000000000000000000000000000
00000000000000000000000000000000
00000000000000000000000000000000
00000000000000000000000000000000
00000000000000000000000000000000
00000000000000000000000000000000
00000000000000000000000000000000
00000000000000000000000000000000
// 1 ":"
00000000000000000000000000000000
00000000000000000000000000000000
00000000000000000000000000000000
00000000000000000000000000000000
00000000000000000000000000000000
00000000000000000000000000000000
00000000000000000000000000000000
00000000000000000000000000000000
00000000000000000000000000000000
00000000000000000000000000000000
00000000000000000000000000000000
00000000000000000000000000000000
00000000000011111111000000000000
00000000000011111111000000000000
00000000000011111111000000000000
00000000000011111111000000000000
00000000000000000000000000000000
00000000000000000000000000000000
00000000000000000000000000000000
00000000000000000000000000000000
00000000000011111111000000000000
00000000000011111111000000000000
00000000000011111111000000000000
00000000000011111111000000000000
00000000000000000000000000000000
00000000000000000000000000000000
00000000000000000000000000000000
00000000000000000000000000000000
00000000000000000000000000000000
00000000000000000000000000000000
00000000000000000000000000000000
00000000000000000000000000000000
// 2 "A"
00000000000000000000000000000000
00000000000000000000000000000000
00000000000000000000000000000000
00000000000000000000000000000000
00000000000011111111000000000000
00000000000011111111000000000000
00000000000011111111000000000000
00000000000011111111000000000000
00000000111100000000111100000000
00000000111100000000111100000000
00000000111100000000111100000000
00000000111100000000111100000000
00000000111100000000111100000000
00000000111100000000111100000000
00000000111100000000111100000000
00000000111100000000111100000000
00001111111111111111111111110000
00001111111111111111111111110000
00001111111111111111111111110000
00001111111111111111111111110000
00001111000000000000000011110000
00001111000000000000000011110000
00001111000000000000000011110000
00001111000000000000000011110000
00001111000000000000000011110000
00001111000000000000000011110000
00001111000000000000000011110000
00001111000000000000000011110000
00000000000000000000000000000000
00000000000000000000000000000000
00000000000000000000000000000000
00000000000000000000000000000000
// 3 "B"
00000000000000000000000000000000
00000000000000000000000000000000
00000000000000000000000000000000
00000000000000000000000000000000
00001111111111111111000000000000
00001111111111111111000000000000
00001111111111111111000000000000
00001111111111111111000000000000
00001111000000000000111100000000
00001111000000000000111100000000
00001111000000000000111100000000
00001111000000000000111100000000
00001111111111111111000000000000
00001111111111111111000000000000
00001111111111111111000000000000
00001111111111111111000000000000
00001111000000000000111100000000
00001111000000000000111100000000
00001111000000000000111100000000
00001111000000000000111100000000
00001111000000000000111100000000
00001111000000000000111100000000
00001111000000000000111100000000
00001111000000000000111100000000
00001111111111111111000000000000
00001111111111111111000000000000
00001111111111111111000000000000
00001111111111111111000000000000
00000000000000000000000000000000
00000000000000000000000000000000
00000000000000000000000000000000
00000000000000000000000000000000
// 4 "D"
00000000000000000000000000000000
00000000000000000000000000000000
00000000000000000000000000000000
00000000000000000000000000000000
00001111111111111111000000000000
00001111111111111111000000000000
00001111111111111111000000000000
00001111111111111111000000000000
00001111000000000000111100000000
00001111000000000000111100000000
00001111000000000000111100000000
00001111000000000000111100000000
00001111000000000000000011110000
00001111000000000000000011110000
00001111000000000000000011110000
00001111000000000000000011110000
00001111000000000000000011110000
00001111000000000000000011110000
00001111000000000000000011110000
00001111000000000000000011110000
00001111000000000000111100000000
00001111000000000000111100000000
00001111000000000000111100000000
00001111000000000000111100000000
00001111111111111111000000000000
00001111111111111111000000000000
00001111111111111111000000000000
00001111111111111111000000000000
00000000000000000000000000000000
00000000000000000000000000000000
00000000000000000000000000000000
00000000000000000000000000000000
// 5 "G"
00000000000000000000000000000000
00000000000000000000000000000000
00000000000000000000000000000000
00000000000000000000000000000000
00000000111111111111111100000000
00000000111111111111111100000000
00000000111111111111111100000000
00000000111111111111111100000000
00001111000000000000000011110000
00001111000000000000000011110000
00001111000000000000000011110000
00001111000000000000000011110000
00001111000000000000000000000000
00001111000000000000000000000000
00001111000000000000000000000000
00001111000000000000000000000000
00001111000000001111111111110000
00001111000000001111111111110000
00001111000000001111111111110000
00001111000000001111111111110000
00001111000000000000000011110000
00001111000000000000000011110000
00001111000000000000000011110000
00001111000000000000000011110000
00000000111111111111111100000000
00000000111111111111111100000000
00000000111111111111111100000000
00000000111111111111111100000000
00000000000000000000000000000000
00000000000000000000000000000000
00000000000000000000000000000000
00000000000000000000000000000000
// 6 "O"
00000000000000000000000000000000
00000000000000000000000000000000
00000000000000000000000000000000
00000000000000000000000000000000
00000000111111111111111100000000
00000000111111111111111100000000
00000000111111111111111100000000
00000000111111111111111100000000
00001111000000000000000011110000
00001111000000000000000011110000
00001111000000000000000011110000
00001111000000000000000011110000
00001111000000000000000011110000
00001111000000000000000011110000
00001111000000000000000011110000
00001111000000000000000011110000
00001111000000000000000011110000
00001111000000000000000011110000
00001111000000000000000011110000
00001111000000000000000011110000
00001111000000000000000011110000
00001111000000000000000011110000
00001111000000000000000011110000
00001111000000000000000011110000
00000000111111111111111100000000
00000000111111111111111100000000
00000000111111111111111100000000
00000000111111111111111100000000
00000000000000000000000000000000
00000000000000000000000000000000
00000000000000000000000000000000
00000000000000000000000000000000
// 7 "0"
00000000000000000000000000000000
00000000000000000000000000000000
00000000000000000000000000000000
00000000000000000000000000000000
00000000111111111111111100000000
00000000111111111111111100000000
00000000111111111111111100000000
00000000111111111111111100000000
00001111000000000000111111110000
00001111000000000000111111110000
00001111000000000000111111110000
00001111000000000000111111110000
00001111000000001111000011110000
00001111000000001111000011110000
00001111000000001111000011110000
00001111000000001111000011110000
00001111000011110000000011110000
00001111000011110000000011110000
00001111000011110000000011110000
00001111000011110000000011110000
00001111111100000000000011110000
00001111111100000000000011110000
00001111111100000000000011110000
00001111111100000000000011110000
00000000111111111111111100000000
00000000111111111111111100000000
00000000111111111111111100000000
00000000111111111111111100000000
00000000000000000000000000000000
00000000000000000000000000000000
00000000000000000000000000000000
00000000000000000000000000000000
// 8 "1"
00000000000000000000000000000000
00000000000000000000000000000000
00000000000000000000000000000000
00000000000000000000000000000000
00000000000000111100000000000000
00000000000000111100000000000000
00000000000000111100000000000000
00000000000000111100000000000000
00000000001111111100000000000000
00000000001111111100000000000000
00000000001111111100000000000000
00000000001111111100000000000000
00000000000000111100000000000000
00000000000000111100000000000000
00000000000000111100000000000000
00000000000000111100000000000000
00000000000000111100000000000000
00000000000000111100000000000000
00000000000000111100000000000000
00000000000000111100000000000000
00000000000000111100000000000000
00000000000000111100000000000000
00000000000000111100000000000000
00000000000000111100000000000000
00000000001111111111110000000000
00000000001111111111110000000000
00000000001111111111110000000000
00000000001111111111110000000000
00000000000000000000000000000000
00000000000000000000000000000000
00000000000000000000000000000000
00000000000000000000000000000000
// 9 "2"
00000000000000000000000000000000
00000000000000000000000000000000
00000000000000000000000000000000
00000000000000000000000000000000
00000000111111111111111100000000
00000000111111111111111100000000
00000000111111111111111100000000
00000000111111111111111100000000
00001111000000000000000011110000
00001111000000000000000011110000
00001111000000000000000011110000
00001111000000000000000011110000
00000000000000000000000011110000
00000000000000000000000011110000
00000000000000000000000011110000
00000000000000000000000011110000
00000000000000001111111100000000
00000000000000001111111100000000
00000000000000001111111100000000
00000000000000001111111100000000
00000000111111110000000000000000
00000000111111110000000000000000
00000000111111110000000000000000
00000000111111110000000000000000
00001111111111111111111111110000
00001111111111111111111111110000
00001111111111111111111111110000
00001111111111111111111111110000
00000000000000000000000000000000
00000000000000000000000000000000
00000000000000000000000000000000
00000000000000000000000000000000
// 10 "3"
00000000000000000000000000000000
00000000000000000000000000000000
00000000000000000000000000000000
00000000000000000000000000000000
00000000111111111111111100000000
00000000111111111111111100000000
00000000111111111111111100000000
00000000111111111111111100000000
00001111000000000000000011110000
00001111000000000000000011110000
00001111000000000000000011110000
00001111000000000000000011110000
00000000000011111111111100000000
00000000000011111111111100000000
00000000000011111111111100000000
00000000000011111111111100000000
00001111000000000000000011110000
00001111000000000000000011110000
00001111000000000000000011110000
00001111000000000000000011110000
00000000111111111111111100000000
00000000111111111111111100000000
00000000111111111111111100000000
00000000111111111111111100000000
00000000000000000000000000000000
00000000000000000000000000000000
00000000000000000000000000000000
00000000000000000000000000000000
// 11 "4"
00000000000000000000000000000000
00000000000000000000000000000000
00000000000000000000000000000000
00000000000000000000000000000000
00000000000000000000111100000000
00000000000000000000111100000000
00000000000000000000111100000000
00000000000000000000111100000000
00000000000011111111111100000000
00000000000011111111111100000000
00000000000011111111111100000000
00000000000011111111111100000000
00000000111100000000111100000000
00000000111100000000111100000000
00000000111100000000111100000000
00000000111100000000111100000000
00001111111111111111111111110000
00001111111111111111111111110000
00001111111111111111111111110000
00001111111111111111111111110000
00000000000000000000111100000000
00000000000000000000111100000000
00000000000000000000111100000000
00000000000000000000111100000000
00000000000000000000111100000000
00000000000000000000111100000000
00000000000000000000111100000000
00000000000000000000111100000000
00000000000000000000000000000000
00000000000000000000000000000000
00000000000000000000000000000000
00000000000000000000000000000000
// 12 "5"
00000000000000000000000000000000
00000000000000000000000000000000
00000000000000000000000000000000
00000000000000000000000000000000
00001111111111111111111111110000
00001111111111111111111111110000
00001111111111111111111111110000
00001111111111111111111111110000
00001111000000000000000000000000
00001111000000000000000000000000
00001111000000000000000000000000
00001111000000000000000000000000
00001111111111111111111100000000
00001111111111111111111100000000
00001111111111111111111100000000
00001111111111111111111100000000
00000000000000000000000011110000
00000000000000000000000011110000
00000000000000000000000011110000
00000000000000000000000011110000
00000000000000000000000011110000
00000000000000000000000011110000
00000000000000000000000011110000
00000000000000000000000011110000
00001111111111111111111100000000
00001111111111111111111100000000
00001111111111111111111100000000
00001111111111111111111100000000
00000000000000000000000000000000
00000000000000000000000000000000
00000000000000000000000000000000
00000000000000000000000000000000
// 13 "6"
00000000000000000000000000000000
00000000000000000000000000000000
00000000000000000000000000000000
00000000000000000000000000000000
00000000111111111111111100000000
00000000111111111111111100000000
00000000111111111111111100000000
00000000111111111111111100000000
00001111000000000000000000000000
00001111000000000000000000000000
00001111000000000000000000000000
00001111000000000000000000000000
00001111111111111111111100000000
00001111111111111111111100000000
00001111111111111111111100000000
00001111111111111111111100000000
00001111000000000000000011110000
00001111000000000000000011110000
00001111000000000000000011110000
00001111000000000000000011110000
00001111000000000000000011110000
00001111000000000000000011110000
00001111000000000000000011110000
00001111000000000000000011110000
00001111111111111111111100000000
00001111111111111111111100000000
00001111111111111111111100000000
00001111111111111111111100000000
00000000000000000000000000000000
00000000000000000000000000000000
00000000000000000000000000000000
00000000000000000000000000000000
// 14 "7"
00000000000000000000000000000000
00000000000000000000000000000000
00000000000000000000000000000000
00000000000000000000000000000000
00001111111111111111111111110000
00001111111111111111111111110000
00001111111111111111111111110000
00001111111111111111111111110000
00000000000000000000000011110000
00000000000000000000000011110000
00000000000000000000000011110000
00000000000000000000000011110000
00000000000000000000111100000000
00000000000000000000111100000000
00000000000000000000111100000000
00000000000000000000111100000000
00000000000000001111000000000000
00000000000000001111000000000000
00000000000000001111000000000000
00000000000000001111000000000000
00000000000011110000000000000000
00000000000011110000000000000000
00000000000011110000000000000000
00000000000011110000000000000000
00000000111100000000000000000000
00000000111100000000000000000000
00000000111100000000000000000000
00000000111100000000000000000000
00000000000000000000000000000000
00000000000000000000000000000000
00000000000000000000000000000000
00000000000000000000000000000000
// 15 "8"
00000000000000000000000000000000
00000000000000000000000000000000
00000000000000000000000000000000
00000000000000000000000000000000
00000000111111111111111100000000
00000000111111111111111100000000
00000000111111111111111100000000
00000000111111111111111100000000
00001111000000000000000011110000
00001111000000000000000011110000
00001111000000000000000011110000
00001111000000000000000011110000
00000000111111111111111100000000
00000000111111111111111100000000
00000000111111111111111100000000
00000000111111111111111100000000
00001111000000000000000011110000
00001111000000000000000011110000
00001111000000000000000011110000
00001111000000000000000011110000
00001111000000000000000011110000
00001111000000000000000011110000
00001111000000000000000011110000
00001111000000000000000011110000
00000000111111111111111100000000
00000000111111111111111100000000
00000000111111111111111100000000
00000000111111111111111100000000
00000000000000000000000000000000
00000000000000000000000000000000
00000000000000000000000000000000
00000000000000000000000000000000
// 16 "9"
00000000000000000000000000000000
00000000000000000000000000000000
00000000000000000000000000000000
00000000000000000000000000000000
00000000111111111111111100000000
00000000111111111111111100000000
00000000111111111111111100000000
00000000111111111111111100000000
00001111000000000000000011110000
00001111000000000000000011110000
00001111000000000000000011110000
00001111000000000000000011110000
00001111000000000000000011110000
00001111000000000000000011110000
00001111000000000000000011110000
00001111000000000000000011110000
00000000111111111111111111110000
00000000111111111111111111110000
00000000111111111111111111110000
00000000111111111111111111110000
00000000000000000000000011110000
00000000000000000000000011110000
00000000000000000000000011110000
00000000000000000000000011110000
00000000111111111111111100000000
00000000111111111111111100000000
00000000111111111111111100000000
00000000111111111111111100000000
00000000000000000000000000000000
00000000000000000000000000000000
00000000000000000000000000000000
00000000000000000000000000000000